513 360 885 928 737 746 2 487 695 433
283 312 441 731 306 173 297 791 696 802
813 879 76 728 255 165 461 695 238 740
768 637 938 605 139 847 937 828 928 813
294 845 73 943 165 612 519 766 356 135
231 117 812 605 287 955 723 287 459 373
141 860 597 850 49 320 168 587 138 220
407 850 151 720 289 554 860 362 100 523
281 278 665 975 284 415 635 438 124 374
907 998 446 440 813 967 511 555 260 202
859 956 814 100 859 594 928 441 263 466
486 542 749 599 874 856 502 962 585 796
330 438 755 503 784 990 273 44 896 678
172 909 301 8 430 345 50 408 39 863
952 447 790 726 347 356 679 49 709 631
990 930 692 768 692 978 303 31 926 827
567 581 397 110 575 223 456 995 113 624
222 389 283 651 170 993 258 788 453 754
421 302 590 127 439 851 92 209 924 356
34 965 218 390 652 588 621 490 623 380
896 232 180 850 157 695 321 523 720 404
352 794 950 912 152 323 907 383 716 79
121 140 407 987 723 274 336 205 839 168
553 210 699 681 201 579 280 44 851 140
333 17 528 931 260 954 215 387 106 972
104 193 917 697 619 673 255 813 395 217
752 279 286 939 933 302 819 434 655 380
489 4 228 50 856 381 54 22 825 474
782 299 401 898 313 765 520 779 707 420
11 136 112 417 583 195 762 517 245 450